{
 "cells": [
  {
   "cell_type": "markdown",
   "metadata": {},
   "source": [
    "# P2-Visualización de Datos"
   ]
  },
  {
   "cell_type": "markdown",
   "metadata": {},
   "source": [
    "## Librerias a utilizar"
   ]
  },
  {
   "cell_type": "code",
   "execution_count": 44,
   "metadata": {},
   "outputs": [],
   "source": [
    "import pandas as pd\n",
    "import numpy as np"
   ]
  },
  {
   "cell_type": "markdown",
   "metadata": {},
   "source": [
    "## Llamamos la base de datos"
   ]
  },
  {
   "cell_type": "code",
   "execution_count": 45,
   "metadata": {},
   "outputs": [],
   "source": [
    "df = pd.read_csv(\"cardio_train.csv\", sep=';')"
   ]
  },
  {
   "cell_type": "code",
   "execution_count": 46,
   "metadata": {},
   "outputs": [
    {
     "data": {
      "text/html": [
       "<div>\n",
       "<style scoped>\n",
       "    .dataframe tbody tr th:only-of-type {\n",
       "        vertical-align: middle;\n",
       "    }\n",
       "\n",
       "    .dataframe tbody tr th {\n",
       "        vertical-align: top;\n",
       "    }\n",
       "\n",
       "    .dataframe thead th {\n",
       "        text-align: right;\n",
       "    }\n",
       "</style>\n",
       "<table border=\"1\" class=\"dataframe\">\n",
       "  <thead>\n",
       "    <tr style=\"text-align: right;\">\n",
       "      <th></th>\n",
       "      <th>id</th>\n",
       "      <th>age</th>\n",
       "      <th>gender</th>\n",
       "      <th>height</th>\n",
       "      <th>weight</th>\n",
       "      <th>ap_hi</th>\n",
       "      <th>ap_lo</th>\n",
       "      <th>cholesterol</th>\n",
       "      <th>gluc</th>\n",
       "      <th>smoke</th>\n",
       "      <th>alco</th>\n",
       "      <th>active</th>\n",
       "      <th>cardio</th>\n",
       "    </tr>\n",
       "  </thead>\n",
       "  <tbody>\n",
       "    <tr>\n",
       "      <th>0</th>\n",
       "      <td>0</td>\n",
       "      <td>18393</td>\n",
       "      <td>2</td>\n",
       "      <td>168</td>\n",
       "      <td>62.0</td>\n",
       "      <td>110</td>\n",
       "      <td>80</td>\n",
       "      <td>1</td>\n",
       "      <td>1</td>\n",
       "      <td>0</td>\n",
       "      <td>0</td>\n",
       "      <td>1</td>\n",
       "      <td>0</td>\n",
       "    </tr>\n",
       "    <tr>\n",
       "      <th>1</th>\n",
       "      <td>1</td>\n",
       "      <td>20228</td>\n",
       "      <td>1</td>\n",
       "      <td>156</td>\n",
       "      <td>85.0</td>\n",
       "      <td>140</td>\n",
       "      <td>90</td>\n",
       "      <td>3</td>\n",
       "      <td>1</td>\n",
       "      <td>0</td>\n",
       "      <td>0</td>\n",
       "      <td>1</td>\n",
       "      <td>1</td>\n",
       "    </tr>\n",
       "    <tr>\n",
       "      <th>2</th>\n",
       "      <td>2</td>\n",
       "      <td>18857</td>\n",
       "      <td>1</td>\n",
       "      <td>165</td>\n",
       "      <td>64.0</td>\n",
       "      <td>130</td>\n",
       "      <td>70</td>\n",
       "      <td>3</td>\n",
       "      <td>1</td>\n",
       "      <td>0</td>\n",
       "      <td>0</td>\n",
       "      <td>0</td>\n",
       "      <td>1</td>\n",
       "    </tr>\n",
       "    <tr>\n",
       "      <th>3</th>\n",
       "      <td>3</td>\n",
       "      <td>17623</td>\n",
       "      <td>2</td>\n",
       "      <td>169</td>\n",
       "      <td>82.0</td>\n",
       "      <td>150</td>\n",
       "      <td>100</td>\n",
       "      <td>1</td>\n",
       "      <td>1</td>\n",
       "      <td>0</td>\n",
       "      <td>0</td>\n",
       "      <td>1</td>\n",
       "      <td>1</td>\n",
       "    </tr>\n",
       "    <tr>\n",
       "      <th>4</th>\n",
       "      <td>4</td>\n",
       "      <td>17474</td>\n",
       "      <td>1</td>\n",
       "      <td>156</td>\n",
       "      <td>56.0</td>\n",
       "      <td>100</td>\n",
       "      <td>60</td>\n",
       "      <td>1</td>\n",
       "      <td>1</td>\n",
       "      <td>0</td>\n",
       "      <td>0</td>\n",
       "      <td>0</td>\n",
       "      <td>0</td>\n",
       "    </tr>\n",
       "  </tbody>\n",
       "</table>\n",
       "</div>"
      ],
      "text/plain": [
       "   id    age  gender  height  weight  ap_hi  ap_lo  cholesterol  gluc  smoke  \\\n",
       "0   0  18393       2     168    62.0    110     80            1     1      0   \n",
       "1   1  20228       1     156    85.0    140     90            3     1      0   \n",
       "2   2  18857       1     165    64.0    130     70            3     1      0   \n",
       "3   3  17623       2     169    82.0    150    100            1     1      0   \n",
       "4   4  17474       1     156    56.0    100     60            1     1      0   \n",
       "\n",
       "   alco  active  cardio  \n",
       "0     0       1       0  \n",
       "1     0       1       1  \n",
       "2     0       0       1  \n",
       "3     0       1       1  \n",
       "4     0       0       0  "
      ]
     },
     "execution_count": 46,
     "metadata": {},
     "output_type": "execute_result"
    }
   ],
   "source": [
    "df.head()"
   ]
  },
  {
   "cell_type": "markdown",
   "metadata": {},
   "source": [
    "## Quitamos la columna ID"
   ]
  },
  {
   "cell_type": "code",
   "execution_count": 47,
   "metadata": {},
   "outputs": [],
   "source": [
    "dfn = df.drop(\"id\",axis=1)"
   ]
  },
  {
   "cell_type": "markdown",
   "metadata": {},
   "source": [
    "## Imprimimos para checar si si se borro"
   ]
  },
  {
   "cell_type": "code",
   "execution_count": 48,
   "metadata": {},
   "outputs": [
    {
     "data": {
      "text/html": [
       "<div>\n",
       "<style scoped>\n",
       "    .dataframe tbody tr th:only-of-type {\n",
       "        vertical-align: middle;\n",
       "    }\n",
       "\n",
       "    .dataframe tbody tr th {\n",
       "        vertical-align: top;\n",
       "    }\n",
       "\n",
       "    .dataframe thead th {\n",
       "        text-align: right;\n",
       "    }\n",
       "</style>\n",
       "<table border=\"1\" class=\"dataframe\">\n",
       "  <thead>\n",
       "    <tr style=\"text-align: right;\">\n",
       "      <th></th>\n",
       "      <th>age</th>\n",
       "      <th>gender</th>\n",
       "      <th>height</th>\n",
       "      <th>weight</th>\n",
       "      <th>ap_hi</th>\n",
       "      <th>ap_lo</th>\n",
       "      <th>cholesterol</th>\n",
       "      <th>gluc</th>\n",
       "      <th>smoke</th>\n",
       "      <th>alco</th>\n",
       "      <th>active</th>\n",
       "      <th>cardio</th>\n",
       "    </tr>\n",
       "  </thead>\n",
       "  <tbody>\n",
       "    <tr>\n",
       "      <th>0</th>\n",
       "      <td>18393</td>\n",
       "      <td>2</td>\n",
       "      <td>168</td>\n",
       "      <td>62.0</td>\n",
       "      <td>110</td>\n",
       "      <td>80</td>\n",
       "      <td>1</td>\n",
       "      <td>1</td>\n",
       "      <td>0</td>\n",
       "      <td>0</td>\n",
       "      <td>1</td>\n",
       "      <td>0</td>\n",
       "    </tr>\n",
       "    <tr>\n",
       "      <th>1</th>\n",
       "      <td>20228</td>\n",
       "      <td>1</td>\n",
       "      <td>156</td>\n",
       "      <td>85.0</td>\n",
       "      <td>140</td>\n",
       "      <td>90</td>\n",
       "      <td>3</td>\n",
       "      <td>1</td>\n",
       "      <td>0</td>\n",
       "      <td>0</td>\n",
       "      <td>1</td>\n",
       "      <td>1</td>\n",
       "    </tr>\n",
       "    <tr>\n",
       "      <th>2</th>\n",
       "      <td>18857</td>\n",
       "      <td>1</td>\n",
       "      <td>165</td>\n",
       "      <td>64.0</td>\n",
       "      <td>130</td>\n",
       "      <td>70</td>\n",
       "      <td>3</td>\n",
       "      <td>1</td>\n",
       "      <td>0</td>\n",
       "      <td>0</td>\n",
       "      <td>0</td>\n",
       "      <td>1</td>\n",
       "    </tr>\n",
       "    <tr>\n",
       "      <th>3</th>\n",
       "      <td>17623</td>\n",
       "      <td>2</td>\n",
       "      <td>169</td>\n",
       "      <td>82.0</td>\n",
       "      <td>150</td>\n",
       "      <td>100</td>\n",
       "      <td>1</td>\n",
       "      <td>1</td>\n",
       "      <td>0</td>\n",
       "      <td>0</td>\n",
       "      <td>1</td>\n",
       "      <td>1</td>\n",
       "    </tr>\n",
       "    <tr>\n",
       "      <th>4</th>\n",
       "      <td>17474</td>\n",
       "      <td>1</td>\n",
       "      <td>156</td>\n",
       "      <td>56.0</td>\n",
       "      <td>100</td>\n",
       "      <td>60</td>\n",
       "      <td>1</td>\n",
       "      <td>1</td>\n",
       "      <td>0</td>\n",
       "      <td>0</td>\n",
       "      <td>0</td>\n",
       "      <td>0</td>\n",
       "    </tr>\n",
       "  </tbody>\n",
       "</table>\n",
       "</div>"
      ],
      "text/plain": [
       "     age  gender  height  weight  ap_hi  ap_lo  cholesterol  gluc  smoke  \\\n",
       "0  18393       2     168    62.0    110     80            1     1      0   \n",
       "1  20228       1     156    85.0    140     90            3     1      0   \n",
       "2  18857       1     165    64.0    130     70            3     1      0   \n",
       "3  17623       2     169    82.0    150    100            1     1      0   \n",
       "4  17474       1     156    56.0    100     60            1     1      0   \n",
       "\n",
       "   alco  active  cardio  \n",
       "0     0       1       0  \n",
       "1     0       1       1  \n",
       "2     0       0       1  \n",
       "3     0       1       1  \n",
       "4     0       0       0  "
      ]
     },
     "execution_count": 48,
     "metadata": {},
     "output_type": "execute_result"
    }
   ],
   "source": [
    "dfn.head()"
   ]
  },
  {
   "cell_type": "markdown",
   "metadata": {},
   "source": [
    "## Estadísticos de cada columna"
   ]
  },
  {
   "cell_type": "code",
   "execution_count": 8,
   "metadata": {},
   "outputs": [
    {
     "data": {
      "text/html": [
       "<div>\n",
       "<style scoped>\n",
       "    .dataframe tbody tr th:only-of-type {\n",
       "        vertical-align: middle;\n",
       "    }\n",
       "\n",
       "    .dataframe tbody tr th {\n",
       "        vertical-align: top;\n",
       "    }\n",
       "\n",
       "    .dataframe thead th {\n",
       "        text-align: right;\n",
       "    }\n",
       "</style>\n",
       "<table border=\"1\" class=\"dataframe\">\n",
       "  <thead>\n",
       "    <tr style=\"text-align: right;\">\n",
       "      <th></th>\n",
       "      <th>age</th>\n",
       "      <th>gender</th>\n",
       "      <th>height</th>\n",
       "      <th>weight</th>\n",
       "      <th>ap_hi</th>\n",
       "      <th>ap_lo</th>\n",
       "      <th>cholesterol</th>\n",
       "      <th>gluc</th>\n",
       "      <th>smoke</th>\n",
       "      <th>alco</th>\n",
       "      <th>active</th>\n",
       "      <th>cardio</th>\n",
       "    </tr>\n",
       "  </thead>\n",
       "  <tbody>\n",
       "    <tr>\n",
       "      <th>count</th>\n",
       "      <td>70000.000000</td>\n",
       "      <td>70000.000000</td>\n",
       "      <td>70000.000000</td>\n",
       "      <td>70000.000000</td>\n",
       "      <td>70000.000000</td>\n",
       "      <td>70000.000000</td>\n",
       "      <td>70000.000000</td>\n",
       "      <td>70000.000000</td>\n",
       "      <td>70000.000000</td>\n",
       "      <td>70000.000000</td>\n",
       "      <td>70000.000000</td>\n",
       "      <td>70000.000000</td>\n",
       "    </tr>\n",
       "    <tr>\n",
       "      <th>mean</th>\n",
       "      <td>19468.865814</td>\n",
       "      <td>1.349571</td>\n",
       "      <td>164.359229</td>\n",
       "      <td>74.205690</td>\n",
       "      <td>128.817286</td>\n",
       "      <td>96.630414</td>\n",
       "      <td>1.366871</td>\n",
       "      <td>1.226457</td>\n",
       "      <td>0.088129</td>\n",
       "      <td>0.053771</td>\n",
       "      <td>0.803729</td>\n",
       "      <td>0.499700</td>\n",
       "    </tr>\n",
       "    <tr>\n",
       "      <th>std</th>\n",
       "      <td>2467.251667</td>\n",
       "      <td>0.476838</td>\n",
       "      <td>8.210126</td>\n",
       "      <td>14.395757</td>\n",
       "      <td>154.011419</td>\n",
       "      <td>188.472530</td>\n",
       "      <td>0.680250</td>\n",
       "      <td>0.572270</td>\n",
       "      <td>0.283484</td>\n",
       "      <td>0.225568</td>\n",
       "      <td>0.397179</td>\n",
       "      <td>0.500003</td>\n",
       "    </tr>\n",
       "    <tr>\n",
       "      <th>min</th>\n",
       "      <td>10798.000000</td>\n",
       "      <td>1.000000</td>\n",
       "      <td>55.000000</td>\n",
       "      <td>10.000000</td>\n",
       "      <td>-150.000000</td>\n",
       "      <td>-70.000000</td>\n",
       "      <td>1.000000</td>\n",
       "      <td>1.000000</td>\n",
       "      <td>0.000000</td>\n",
       "      <td>0.000000</td>\n",
       "      <td>0.000000</td>\n",
       "      <td>0.000000</td>\n",
       "    </tr>\n",
       "    <tr>\n",
       "      <th>25%</th>\n",
       "      <td>17664.000000</td>\n",
       "      <td>1.000000</td>\n",
       "      <td>159.000000</td>\n",
       "      <td>65.000000</td>\n",
       "      <td>120.000000</td>\n",
       "      <td>80.000000</td>\n",
       "      <td>1.000000</td>\n",
       "      <td>1.000000</td>\n",
       "      <td>0.000000</td>\n",
       "      <td>0.000000</td>\n",
       "      <td>1.000000</td>\n",
       "      <td>0.000000</td>\n",
       "    </tr>\n",
       "    <tr>\n",
       "      <th>50%</th>\n",
       "      <td>19703.000000</td>\n",
       "      <td>1.000000</td>\n",
       "      <td>165.000000</td>\n",
       "      <td>72.000000</td>\n",
       "      <td>120.000000</td>\n",
       "      <td>80.000000</td>\n",
       "      <td>1.000000</td>\n",
       "      <td>1.000000</td>\n",
       "      <td>0.000000</td>\n",
       "      <td>0.000000</td>\n",
       "      <td>1.000000</td>\n",
       "      <td>0.000000</td>\n",
       "    </tr>\n",
       "    <tr>\n",
       "      <th>75%</th>\n",
       "      <td>21327.000000</td>\n",
       "      <td>2.000000</td>\n",
       "      <td>170.000000</td>\n",
       "      <td>82.000000</td>\n",
       "      <td>140.000000</td>\n",
       "      <td>90.000000</td>\n",
       "      <td>2.000000</td>\n",
       "      <td>1.000000</td>\n",
       "      <td>0.000000</td>\n",
       "      <td>0.000000</td>\n",
       "      <td>1.000000</td>\n",
       "      <td>1.000000</td>\n",
       "    </tr>\n",
       "    <tr>\n",
       "      <th>max</th>\n",
       "      <td>23713.000000</td>\n",
       "      <td>2.000000</td>\n",
       "      <td>250.000000</td>\n",
       "      <td>200.000000</td>\n",
       "      <td>16020.000000</td>\n",
       "      <td>11000.000000</td>\n",
       "      <td>3.000000</td>\n",
       "      <td>3.000000</td>\n",
       "      <td>1.000000</td>\n",
       "      <td>1.000000</td>\n",
       "      <td>1.000000</td>\n",
       "      <td>1.000000</td>\n",
       "    </tr>\n",
       "  </tbody>\n",
       "</table>\n",
       "</div>"
      ],
      "text/plain": [
       "                age        gender        height        weight         ap_hi  \\\n",
       "count  70000.000000  70000.000000  70000.000000  70000.000000  70000.000000   \n",
       "mean   19468.865814      1.349571    164.359229     74.205690    128.817286   \n",
       "std     2467.251667      0.476838      8.210126     14.395757    154.011419   \n",
       "min    10798.000000      1.000000     55.000000     10.000000   -150.000000   \n",
       "25%    17664.000000      1.000000    159.000000     65.000000    120.000000   \n",
       "50%    19703.000000      1.000000    165.000000     72.000000    120.000000   \n",
       "75%    21327.000000      2.000000    170.000000     82.000000    140.000000   \n",
       "max    23713.000000      2.000000    250.000000    200.000000  16020.000000   \n",
       "\n",
       "              ap_lo   cholesterol          gluc         smoke          alco  \\\n",
       "count  70000.000000  70000.000000  70000.000000  70000.000000  70000.000000   \n",
       "mean      96.630414      1.366871      1.226457      0.088129      0.053771   \n",
       "std      188.472530      0.680250      0.572270      0.283484      0.225568   \n",
       "min      -70.000000      1.000000      1.000000      0.000000      0.000000   \n",
       "25%       80.000000      1.000000      1.000000      0.000000      0.000000   \n",
       "50%       80.000000      1.000000      1.000000      0.000000      0.000000   \n",
       "75%       90.000000      2.000000      1.000000      0.000000      0.000000   \n",
       "max    11000.000000      3.000000      3.000000      1.000000      1.000000   \n",
       "\n",
       "             active        cardio  \n",
       "count  70000.000000  70000.000000  \n",
       "mean       0.803729      0.499700  \n",
       "std        0.397179      0.500003  \n",
       "min        0.000000      0.000000  \n",
       "25%        1.000000      0.000000  \n",
       "50%        1.000000      0.000000  \n",
       "75%        1.000000      1.000000  \n",
       "max        1.000000      1.000000  "
      ]
     },
     "execution_count": 8,
     "metadata": {},
     "output_type": "execute_result"
    }
   ],
   "source": [
    "dfn.describe()"
   ]
  },
  {
   "cell_type": "markdown",
   "metadata": {},
   "source": [
    "### El promedio de edad de esta muestra es de 53 años y nos dice que la mitad de la muestra tiene enfermedad cardiovascular por el 0.4997"
   ]
  },
  {
   "cell_type": "markdown",
   "metadata": {},
   "source": [
    "## Correlación de cada columna"
   ]
  },
  {
   "cell_type": "code",
   "execution_count": 9,
   "metadata": {},
   "outputs": [
    {
     "data": {
      "text/html": [
       "<div>\n",
       "<style scoped>\n",
       "    .dataframe tbody tr th:only-of-type {\n",
       "        vertical-align: middle;\n",
       "    }\n",
       "\n",
       "    .dataframe tbody tr th {\n",
       "        vertical-align: top;\n",
       "    }\n",
       "\n",
       "    .dataframe thead th {\n",
       "        text-align: right;\n",
       "    }\n",
       "</style>\n",
       "<table border=\"1\" class=\"dataframe\">\n",
       "  <thead>\n",
       "    <tr style=\"text-align: right;\">\n",
       "      <th></th>\n",
       "      <th>age</th>\n",
       "      <th>gender</th>\n",
       "      <th>height</th>\n",
       "      <th>weight</th>\n",
       "      <th>ap_hi</th>\n",
       "      <th>ap_lo</th>\n",
       "      <th>cholesterol</th>\n",
       "      <th>gluc</th>\n",
       "      <th>smoke</th>\n",
       "      <th>alco</th>\n",
       "      <th>active</th>\n",
       "      <th>cardio</th>\n",
       "    </tr>\n",
       "  </thead>\n",
       "  <tbody>\n",
       "    <tr>\n",
       "      <th>age</th>\n",
       "      <td>1.000000</td>\n",
       "      <td>-0.022811</td>\n",
       "      <td>-0.081515</td>\n",
       "      <td>0.053684</td>\n",
       "      <td>0.020764</td>\n",
       "      <td>0.017647</td>\n",
       "      <td>0.154424</td>\n",
       "      <td>0.098703</td>\n",
       "      <td>-0.047633</td>\n",
       "      <td>-0.029723</td>\n",
       "      <td>-0.009927</td>\n",
       "      <td>0.238159</td>\n",
       "    </tr>\n",
       "    <tr>\n",
       "      <th>gender</th>\n",
       "      <td>-0.022811</td>\n",
       "      <td>1.000000</td>\n",
       "      <td>0.499033</td>\n",
       "      <td>0.155406</td>\n",
       "      <td>0.006005</td>\n",
       "      <td>0.015254</td>\n",
       "      <td>-0.035821</td>\n",
       "      <td>-0.020491</td>\n",
       "      <td>0.338135</td>\n",
       "      <td>0.170966</td>\n",
       "      <td>0.005866</td>\n",
       "      <td>0.008109</td>\n",
       "    </tr>\n",
       "    <tr>\n",
       "      <th>height</th>\n",
       "      <td>-0.081515</td>\n",
       "      <td>0.499033</td>\n",
       "      <td>1.000000</td>\n",
       "      <td>0.290968</td>\n",
       "      <td>0.005488</td>\n",
       "      <td>0.006150</td>\n",
       "      <td>-0.050226</td>\n",
       "      <td>-0.018595</td>\n",
       "      <td>0.187989</td>\n",
       "      <td>0.094419</td>\n",
       "      <td>-0.006570</td>\n",
       "      <td>-0.010821</td>\n",
       "    </tr>\n",
       "    <tr>\n",
       "      <th>weight</th>\n",
       "      <td>0.053684</td>\n",
       "      <td>0.155406</td>\n",
       "      <td>0.290968</td>\n",
       "      <td>1.000000</td>\n",
       "      <td>0.030702</td>\n",
       "      <td>0.043710</td>\n",
       "      <td>0.141768</td>\n",
       "      <td>0.106857</td>\n",
       "      <td>0.067780</td>\n",
       "      <td>0.067113</td>\n",
       "      <td>-0.016867</td>\n",
       "      <td>0.181660</td>\n",
       "    </tr>\n",
       "    <tr>\n",
       "      <th>ap_hi</th>\n",
       "      <td>0.020764</td>\n",
       "      <td>0.006005</td>\n",
       "      <td>0.005488</td>\n",
       "      <td>0.030702</td>\n",
       "      <td>1.000000</td>\n",
       "      <td>0.016086</td>\n",
       "      <td>0.023778</td>\n",
       "      <td>0.011841</td>\n",
       "      <td>-0.000922</td>\n",
       "      <td>0.001408</td>\n",
       "      <td>-0.000033</td>\n",
       "      <td>0.054475</td>\n",
       "    </tr>\n",
       "    <tr>\n",
       "      <th>ap_lo</th>\n",
       "      <td>0.017647</td>\n",
       "      <td>0.015254</td>\n",
       "      <td>0.006150</td>\n",
       "      <td>0.043710</td>\n",
       "      <td>0.016086</td>\n",
       "      <td>1.000000</td>\n",
       "      <td>0.024019</td>\n",
       "      <td>0.010806</td>\n",
       "      <td>0.005186</td>\n",
       "      <td>0.010601</td>\n",
       "      <td>0.004780</td>\n",
       "      <td>0.065719</td>\n",
       "    </tr>\n",
       "    <tr>\n",
       "      <th>cholesterol</th>\n",
       "      <td>0.154424</td>\n",
       "      <td>-0.035821</td>\n",
       "      <td>-0.050226</td>\n",
       "      <td>0.141768</td>\n",
       "      <td>0.023778</td>\n",
       "      <td>0.024019</td>\n",
       "      <td>1.000000</td>\n",
       "      <td>0.451578</td>\n",
       "      <td>0.010354</td>\n",
       "      <td>0.035760</td>\n",
       "      <td>0.009911</td>\n",
       "      <td>0.221147</td>\n",
       "    </tr>\n",
       "    <tr>\n",
       "      <th>gluc</th>\n",
       "      <td>0.098703</td>\n",
       "      <td>-0.020491</td>\n",
       "      <td>-0.018595</td>\n",
       "      <td>0.106857</td>\n",
       "      <td>0.011841</td>\n",
       "      <td>0.010806</td>\n",
       "      <td>0.451578</td>\n",
       "      <td>1.000000</td>\n",
       "      <td>-0.004756</td>\n",
       "      <td>0.011246</td>\n",
       "      <td>-0.006770</td>\n",
       "      <td>0.089307</td>\n",
       "    </tr>\n",
       "    <tr>\n",
       "      <th>smoke</th>\n",
       "      <td>-0.047633</td>\n",
       "      <td>0.338135</td>\n",
       "      <td>0.187989</td>\n",
       "      <td>0.067780</td>\n",
       "      <td>-0.000922</td>\n",
       "      <td>0.005186</td>\n",
       "      <td>0.010354</td>\n",
       "      <td>-0.004756</td>\n",
       "      <td>1.000000</td>\n",
       "      <td>0.340094</td>\n",
       "      <td>0.025858</td>\n",
       "      <td>-0.015486</td>\n",
       "    </tr>\n",
       "    <tr>\n",
       "      <th>alco</th>\n",
       "      <td>-0.029723</td>\n",
       "      <td>0.170966</td>\n",
       "      <td>0.094419</td>\n",
       "      <td>0.067113</td>\n",
       "      <td>0.001408</td>\n",
       "      <td>0.010601</td>\n",
       "      <td>0.035760</td>\n",
       "      <td>0.011246</td>\n",
       "      <td>0.340094</td>\n",
       "      <td>1.000000</td>\n",
       "      <td>0.025476</td>\n",
       "      <td>-0.007330</td>\n",
       "    </tr>\n",
       "    <tr>\n",
       "      <th>active</th>\n",
       "      <td>-0.009927</td>\n",
       "      <td>0.005866</td>\n",
       "      <td>-0.006570</td>\n",
       "      <td>-0.016867</td>\n",
       "      <td>-0.000033</td>\n",
       "      <td>0.004780</td>\n",
       "      <td>0.009911</td>\n",
       "      <td>-0.006770</td>\n",
       "      <td>0.025858</td>\n",
       "      <td>0.025476</td>\n",
       "      <td>1.000000</td>\n",
       "      <td>-0.035653</td>\n",
       "    </tr>\n",
       "    <tr>\n",
       "      <th>cardio</th>\n",
       "      <td>0.238159</td>\n",
       "      <td>0.008109</td>\n",
       "      <td>-0.010821</td>\n",
       "      <td>0.181660</td>\n",
       "      <td>0.054475</td>\n",
       "      <td>0.065719</td>\n",
       "      <td>0.221147</td>\n",
       "      <td>0.089307</td>\n",
       "      <td>-0.015486</td>\n",
       "      <td>-0.007330</td>\n",
       "      <td>-0.035653</td>\n",
       "      <td>1.000000</td>\n",
       "    </tr>\n",
       "  </tbody>\n",
       "</table>\n",
       "</div>"
      ],
      "text/plain": [
       "                  age    gender    height    weight     ap_hi     ap_lo  \\\n",
       "age          1.000000 -0.022811 -0.081515  0.053684  0.020764  0.017647   \n",
       "gender      -0.022811  1.000000  0.499033  0.155406  0.006005  0.015254   \n",
       "height      -0.081515  0.499033  1.000000  0.290968  0.005488  0.006150   \n",
       "weight       0.053684  0.155406  0.290968  1.000000  0.030702  0.043710   \n",
       "ap_hi        0.020764  0.006005  0.005488  0.030702  1.000000  0.016086   \n",
       "ap_lo        0.017647  0.015254  0.006150  0.043710  0.016086  1.000000   \n",
       "cholesterol  0.154424 -0.035821 -0.050226  0.141768  0.023778  0.024019   \n",
       "gluc         0.098703 -0.020491 -0.018595  0.106857  0.011841  0.010806   \n",
       "smoke       -0.047633  0.338135  0.187989  0.067780 -0.000922  0.005186   \n",
       "alco        -0.029723  0.170966  0.094419  0.067113  0.001408  0.010601   \n",
       "active      -0.009927  0.005866 -0.006570 -0.016867 -0.000033  0.004780   \n",
       "cardio       0.238159  0.008109 -0.010821  0.181660  0.054475  0.065719   \n",
       "\n",
       "             cholesterol      gluc     smoke      alco    active    cardio  \n",
       "age             0.154424  0.098703 -0.047633 -0.029723 -0.009927  0.238159  \n",
       "gender         -0.035821 -0.020491  0.338135  0.170966  0.005866  0.008109  \n",
       "height         -0.050226 -0.018595  0.187989  0.094419 -0.006570 -0.010821  \n",
       "weight          0.141768  0.106857  0.067780  0.067113 -0.016867  0.181660  \n",
       "ap_hi           0.023778  0.011841 -0.000922  0.001408 -0.000033  0.054475  \n",
       "ap_lo           0.024019  0.010806  0.005186  0.010601  0.004780  0.065719  \n",
       "cholesterol     1.000000  0.451578  0.010354  0.035760  0.009911  0.221147  \n",
       "gluc            0.451578  1.000000 -0.004756  0.011246 -0.006770  0.089307  \n",
       "smoke           0.010354 -0.004756  1.000000  0.340094  0.025858 -0.015486  \n",
       "alco            0.035760  0.011246  0.340094  1.000000  0.025476 -0.007330  \n",
       "active          0.009911 -0.006770  0.025858  0.025476  1.000000 -0.035653  \n",
       "cardio          0.221147  0.089307 -0.015486 -0.007330 -0.035653  1.000000  "
      ]
     },
     "execution_count": 9,
     "metadata": {},
     "output_type": "execute_result"
    }
   ],
   "source": [
    "dfn.corr()"
   ]
  },
  {
   "cell_type": "markdown",
   "metadata": {},
   "source": [
    "### Nos llamo la atención de glucosa vs colesterol,peso vs estatura, género vs estatura, género vs fumar, fumar vs tomar"
   ]
  },
  {
   "cell_type": "markdown",
   "metadata": {},
   "source": [
    "## Covarianza de cada columna"
   ]
  },
  {
   "cell_type": "code",
   "execution_count": 11,
   "metadata": {},
   "outputs": [
    {
     "data": {
      "text/html": [
       "<div>\n",
       "<style scoped>\n",
       "    .dataframe tbody tr th:only-of-type {\n",
       "        vertical-align: middle;\n",
       "    }\n",
       "\n",
       "    .dataframe tbody tr th {\n",
       "        vertical-align: top;\n",
       "    }\n",
       "\n",
       "    .dataframe thead th {\n",
       "        text-align: right;\n",
       "    }\n",
       "</style>\n",
       "<table border=\"1\" class=\"dataframe\">\n",
       "  <thead>\n",
       "    <tr style=\"text-align: right;\">\n",
       "      <th></th>\n",
       "      <th>age</th>\n",
       "      <th>gender</th>\n",
       "      <th>height</th>\n",
       "      <th>weight</th>\n",
       "      <th>ap_hi</th>\n",
       "      <th>ap_lo</th>\n",
       "      <th>cholesterol</th>\n",
       "      <th>gluc</th>\n",
       "      <th>smoke</th>\n",
       "      <th>alco</th>\n",
       "      <th>active</th>\n",
       "      <th>cardio</th>\n",
       "    </tr>\n",
       "  </thead>\n",
       "  <tbody>\n",
       "    <tr>\n",
       "      <th>age</th>\n",
       "      <td>6.087331e+06</td>\n",
       "      <td>-26.836262</td>\n",
       "      <td>-1651.211428</td>\n",
       "      <td>1906.747408</td>\n",
       "      <td>7890.128456</td>\n",
       "      <td>8206.218553</td>\n",
       "      <td>259.176903</td>\n",
       "      <td>139.361878</td>\n",
       "      <td>-33.315622</td>\n",
       "      <td>-16.541735</td>\n",
       "      <td>-9.728219</td>\n",
       "      <td>293.801421</td>\n",
       "    </tr>\n",
       "    <tr>\n",
       "      <th>gender</th>\n",
       "      <td>-2.683626e+01</td>\n",
       "      <td>0.227374</td>\n",
       "      <td>1.953666</td>\n",
       "      <td>1.066773</td>\n",
       "      <td>0.441021</td>\n",
       "      <td>1.370888</td>\n",
       "      <td>-0.011619</td>\n",
       "      <td>-0.005592</td>\n",
       "      <td>0.045708</td>\n",
       "      <td>0.018389</td>\n",
       "      <td>0.001111</td>\n",
       "      <td>0.001933</td>\n",
       "    </tr>\n",
       "    <tr>\n",
       "      <th>height</th>\n",
       "      <td>-1.651211e+03</td>\n",
       "      <td>1.953666</td>\n",
       "      <td>67.406175</td>\n",
       "      <td>34.389774</td>\n",
       "      <td>6.939021</td>\n",
       "      <td>9.517130</td>\n",
       "      <td>-0.280509</td>\n",
       "      <td>-0.087365</td>\n",
       "      <td>0.437534</td>\n",
       "      <td>0.174858</td>\n",
       "      <td>-0.021423</td>\n",
       "      <td>-0.044421</td>\n",
       "    </tr>\n",
       "    <tr>\n",
       "      <th>weight</th>\n",
       "      <td>1.906747e+03</td>\n",
       "      <td>1.066773</td>\n",
       "      <td>34.389774</td>\n",
       "      <td>207.237810</td>\n",
       "      <td>68.070202</td>\n",
       "      <td>118.593560</td>\n",
       "      <td>1.388293</td>\n",
       "      <td>0.880318</td>\n",
       "      <td>0.276610</td>\n",
       "      <td>0.217930</td>\n",
       "      <td>-0.096439</td>\n",
       "      <td>1.307573</td>\n",
       "    </tr>\n",
       "    <tr>\n",
       "      <th>ap_hi</th>\n",
       "      <td>7.890128e+03</td>\n",
       "      <td>0.441021</td>\n",
       "      <td>6.939021</td>\n",
       "      <td>68.070202</td>\n",
       "      <td>23719.517323</td>\n",
       "      <td>466.912942</td>\n",
       "      <td>2.491125</td>\n",
       "      <td>1.043592</td>\n",
       "      <td>-0.040255</td>\n",
       "      <td>0.048926</td>\n",
       "      <td>-0.002019</td>\n",
       "      <td>4.194919</td>\n",
       "    </tr>\n",
       "    <tr>\n",
       "      <th>ap_lo</th>\n",
       "      <td>8.206219e+03</td>\n",
       "      <td>1.370888</td>\n",
       "      <td>9.517130</td>\n",
       "      <td>118.593560</td>\n",
       "      <td>466.912942</td>\n",
       "      <td>35521.894676</td>\n",
       "      <td>3.079477</td>\n",
       "      <td>1.165469</td>\n",
       "      <td>0.277089</td>\n",
       "      <td>0.450694</td>\n",
       "      <td>0.357837</td>\n",
       "      <td>6.193128</td>\n",
       "    </tr>\n",
       "    <tr>\n",
       "      <th>cholesterol</th>\n",
       "      <td>2.591769e+02</td>\n",
       "      <td>-0.011619</td>\n",
       "      <td>-0.280509</td>\n",
       "      <td>1.388293</td>\n",
       "      <td>2.491125</td>\n",
       "      <td>3.079477</td>\n",
       "      <td>0.462741</td>\n",
       "      <td>0.175793</td>\n",
       "      <td>0.001997</td>\n",
       "      <td>0.005487</td>\n",
       "      <td>0.002678</td>\n",
       "      <td>0.075218</td>\n",
       "    </tr>\n",
       "    <tr>\n",
       "      <th>gluc</th>\n",
       "      <td>1.393619e+02</td>\n",
       "      <td>-0.005592</td>\n",
       "      <td>-0.087365</td>\n",
       "      <td>0.880318</td>\n",
       "      <td>1.043592</td>\n",
       "      <td>1.165469</td>\n",
       "      <td>0.175793</td>\n",
       "      <td>0.327493</td>\n",
       "      <td>-0.000772</td>\n",
       "      <td>0.001452</td>\n",
       "      <td>-0.001539</td>\n",
       "      <td>0.025554</td>\n",
       "    </tr>\n",
       "    <tr>\n",
       "      <th>smoke</th>\n",
       "      <td>-3.331562e+01</td>\n",
       "      <td>0.045708</td>\n",
       "      <td>0.437534</td>\n",
       "      <td>0.276610</td>\n",
       "      <td>-0.040255</td>\n",
       "      <td>0.277089</td>\n",
       "      <td>0.001997</td>\n",
       "      <td>-0.000772</td>\n",
       "      <td>0.080363</td>\n",
       "      <td>0.021747</td>\n",
       "      <td>0.002911</td>\n",
       "      <td>-0.002195</td>\n",
       "    </tr>\n",
       "    <tr>\n",
       "      <th>alco</th>\n",
       "      <td>-1.654174e+01</td>\n",
       "      <td>0.018389</td>\n",
       "      <td>0.174858</td>\n",
       "      <td>0.217930</td>\n",
       "      <td>0.048926</td>\n",
       "      <td>0.450694</td>\n",
       "      <td>0.005487</td>\n",
       "      <td>0.001452</td>\n",
       "      <td>0.021747</td>\n",
       "      <td>0.050881</td>\n",
       "      <td>0.002282</td>\n",
       "      <td>-0.000827</td>\n",
       "    </tr>\n",
       "    <tr>\n",
       "      <th>active</th>\n",
       "      <td>-9.728219e+00</td>\n",
       "      <td>0.001111</td>\n",
       "      <td>-0.021423</td>\n",
       "      <td>-0.096439</td>\n",
       "      <td>-0.002019</td>\n",
       "      <td>0.357837</td>\n",
       "      <td>0.002678</td>\n",
       "      <td>-0.001539</td>\n",
       "      <td>0.002911</td>\n",
       "      <td>0.002282</td>\n",
       "      <td>0.157751</td>\n",
       "      <td>-0.007080</td>\n",
       "    </tr>\n",
       "    <tr>\n",
       "      <th>cardio</th>\n",
       "      <td>2.938014e+02</td>\n",
       "      <td>0.001933</td>\n",
       "      <td>-0.044421</td>\n",
       "      <td>1.307573</td>\n",
       "      <td>4.194919</td>\n",
       "      <td>6.193128</td>\n",
       "      <td>0.075218</td>\n",
       "      <td>0.025554</td>\n",
       "      <td>-0.002195</td>\n",
       "      <td>-0.000827</td>\n",
       "      <td>-0.007080</td>\n",
       "      <td>0.250003</td>\n",
       "    </tr>\n",
       "  </tbody>\n",
       "</table>\n",
       "</div>"
      ],
      "text/plain": [
       "                      age     gender       height       weight         ap_hi  \\\n",
       "age          6.087331e+06 -26.836262 -1651.211428  1906.747408   7890.128456   \n",
       "gender      -2.683626e+01   0.227374     1.953666     1.066773      0.441021   \n",
       "height      -1.651211e+03   1.953666    67.406175    34.389774      6.939021   \n",
       "weight       1.906747e+03   1.066773    34.389774   207.237810     68.070202   \n",
       "ap_hi        7.890128e+03   0.441021     6.939021    68.070202  23719.517323   \n",
       "ap_lo        8.206219e+03   1.370888     9.517130   118.593560    466.912942   \n",
       "cholesterol  2.591769e+02  -0.011619    -0.280509     1.388293      2.491125   \n",
       "gluc         1.393619e+02  -0.005592    -0.087365     0.880318      1.043592   \n",
       "smoke       -3.331562e+01   0.045708     0.437534     0.276610     -0.040255   \n",
       "alco        -1.654174e+01   0.018389     0.174858     0.217930      0.048926   \n",
       "active      -9.728219e+00   0.001111    -0.021423    -0.096439     -0.002019   \n",
       "cardio       2.938014e+02   0.001933    -0.044421     1.307573      4.194919   \n",
       "\n",
       "                    ap_lo  cholesterol        gluc      smoke       alco  \\\n",
       "age           8206.218553   259.176903  139.361878 -33.315622 -16.541735   \n",
       "gender           1.370888    -0.011619   -0.005592   0.045708   0.018389   \n",
       "height           9.517130    -0.280509   -0.087365   0.437534   0.174858   \n",
       "weight         118.593560     1.388293    0.880318   0.276610   0.217930   \n",
       "ap_hi          466.912942     2.491125    1.043592  -0.040255   0.048926   \n",
       "ap_lo        35521.894676     3.079477    1.165469   0.277089   0.450694   \n",
       "cholesterol      3.079477     0.462741    0.175793   0.001997   0.005487   \n",
       "gluc             1.165469     0.175793    0.327493  -0.000772   0.001452   \n",
       "smoke            0.277089     0.001997   -0.000772   0.080363   0.021747   \n",
       "alco             0.450694     0.005487    0.001452   0.021747   0.050881   \n",
       "active           0.357837     0.002678   -0.001539   0.002911   0.002282   \n",
       "cardio           6.193128     0.075218    0.025554  -0.002195  -0.000827   \n",
       "\n",
       "               active      cardio  \n",
       "age         -9.728219  293.801421  \n",
       "gender       0.001111    0.001933  \n",
       "height      -0.021423   -0.044421  \n",
       "weight      -0.096439    1.307573  \n",
       "ap_hi       -0.002019    4.194919  \n",
       "ap_lo        0.357837    6.193128  \n",
       "cholesterol  0.002678    0.075218  \n",
       "gluc        -0.001539    0.025554  \n",
       "smoke        0.002911   -0.002195  \n",
       "alco         0.002282   -0.000827  \n",
       "active       0.157751   -0.007080  \n",
       "cardio      -0.007080    0.250003  "
      ]
     },
     "execution_count": 11,
     "metadata": {},
     "output_type": "execute_result"
    }
   ],
   "source": [
    "dfn.cov()"
   ]
  },
  {
   "cell_type": "markdown",
   "metadata": {},
   "source": [
    "## Llamamos librerias para graficar y verificamos la base de datos"
   ]
  },
  {
   "cell_type": "code",
   "execution_count": 33,
   "metadata": {},
   "outputs": [
    {
     "data": {
      "text/html": [
       "<div>\n",
       "<style scoped>\n",
       "    .dataframe tbody tr th:only-of-type {\n",
       "        vertical-align: middle;\n",
       "    }\n",
       "\n",
       "    .dataframe tbody tr th {\n",
       "        vertical-align: top;\n",
       "    }\n",
       "\n",
       "    .dataframe thead th {\n",
       "        text-align: right;\n",
       "    }\n",
       "</style>\n",
       "<table border=\"1\" class=\"dataframe\">\n",
       "  <thead>\n",
       "    <tr style=\"text-align: right;\">\n",
       "      <th></th>\n",
       "      <th>age</th>\n",
       "      <th>gender</th>\n",
       "      <th>height</th>\n",
       "      <th>weight</th>\n",
       "      <th>ap_hi</th>\n",
       "      <th>ap_lo</th>\n",
       "      <th>cholesterol</th>\n",
       "      <th>gluc</th>\n",
       "      <th>smoke</th>\n",
       "      <th>alco</th>\n",
